2016-03-19/19:07:02 38 67 75
2016-03-19/19:22:02 38 68 76
2016-03-19/19:37:01 38 68 76
2016-03-19/19:52:01 39 67 76
2016-03-19/20:07:01 38 67 76
2016-03-19/20:22:01 37 67 75
2016-03-19/20:37:01 36 67 75
2016-03-19/20:52:01 41 67 77
2016-03-19/21:07:01 40 66 75
2016-03-19/21:22:01 40 68 75
2016-03-19/21:37:01 38 65 75
2016-03-19/21:52:01 35 66 73
2016-03-19/22:07:01 34 65 71
2016-03-19/22:22:01 35 64 72
2016-03-19/22:37:01 34 65 71
2016-03-19/22:52:01 34 64 70
2016-03-19/23:07:02 33 64 70
2016-03-19/23:22:01 33 62 69
2016-03-19/23:37:01 33 62 69
2016-03-19/23:52:01 34 62 69
2016-03-20/00:07:01 33 63 69
2016-03-20/00:22:01 33 62 69
2016-03-20/00:37:01 32 61 68
2016-03-20/00:52:01 32 61 67
2016-03-20/01:07:01 32 59 66
2016-03-20/01:22:01 32 60 67
2016-03-20/01:37:01 31 59 65
2016-03-20/01:52:01 31 60 65
2016-03-20/02:07:01 31 59 65
2016-03-20/02:22:01 32 59 67
2016-03-20/02:37:01 31 59 64
2016-03-20/02:52:01 32 61 66
2016-03-20/03:07:02 32 60 68
2016-03-20/03:22:01 31 60 65
2016-03-20/03:37:01 30 59 65
2016-03-20/03:52:01 30 60 64
2016-03-20/04:07:01 31 60 65
2016-03-20/04:22:02 30 59 64
2016-03-20/04:37:01 30 58 64
2016-03-20/04:52:01 30 58 63
2016-03-20/05:07:01 31 58 65
2016-03-20/05:22:01 30 58 63
2016-03-20/05:37:01 29 58 63
2016-03-20/05:52:01 29 59 63
2016-03-20/06:07:01 29 58 63
2016-03-20/06:22:01 29 57 62
2016-03-20/06:37:02 29 59 63
2016-03-20/06:52:01 30 59 65
2016-03-20/07:07:01 30 58 64
2016-03-20/07:22:01 29 57 64
2016-03-20/07:37:01 30 56 65
2016-03-20/07:52:01 29 56 63
2016-03-20/08:07:01 30 59 65
2016-03-20/08:22:01 32 58 66
2016-03-20/08:37:01 33 61 69
2016-03-20/08:52:01 34 61 71
2016-03-20/09:07:02 35 61 73
2016-03-20/09:22:01 35 62 72
2016-03-20/09:37:02 33 63 70
2016-03-20/09:52:01 35 63 72
2016-03-20/10:07:02 37 64 75
2016-03-20/10:22:02 35 64 74
2016-03-20/10:37:01 35 65 73
2016-03-20/10:52:01 36 66 73
2016-03-20/11:07:01 37 66 75
2016-03-20/11:22:01 39 66 74
2016-03-20/11:37:01 40 67 77
2016-03-20/11:52:01 40 67 75
2016-03-20/12:07:01 39 66 74
2016-03-20/12:22:01 41 66 77
2016-03-20/12:37:01 41 68 77
2016-03-20/12:52:01 40 69 76
2016-03-20/13:07:01 42 69 77
2016-03-20/13:22:01 41 68 77
2016-03-20/13:37:01 42 68 78
2016-03-20/13:52:01 42 69 77
2016-03-20/14:07:01 42 45 48
2016-03-20/14:22:01 42 49 53
2016-03-20/14:37:01 43 72 79
2016-03-20/14:52:01 42 69 78
2016-03-20/15:07:02 41 59 64
2016-03-20/15:22:01 41 64 69
2016-03-20/15:37:01 42 54 58
2016-03-20/15:52:01 43 69 79
2016-03-20/16:07:01 42 69 79
2016-03-20/16:22:01 41 70 77
2016-03-20/16:37:01 43 72 79
2016-03-20/16:52:01 42 46 49
2016-03-20/17:07:01 39 68 74
2016-03-20/17:22:01 40 65 76
2016-03-20/17:37:01 39 63 74
2016-03-20/17:52:01 39 68 76
2016-03-20/18:07:01 38 67 74
2016-03-20/18:22:01 36 65 75
2016-03-20/18:37:01 38 65 73
2016-03-20/18:52:02 38 69 75
2016-03-20/19:07:02 36 67 73
2016-03-20/19:22:01 36 64 72
2016-03-20/19:37:01 35 64 70
2016-03-20/19:52:02 34 62 70
2016-03-20/20:07:01 34 63 69
2016-03-20/20:22:02 33 63 70
2016-03-20/20:37:01 33 62 68
2016-03-20/20:52:01 34 62 70
2016-03-20/21:07:01 34 62 70
2016-03-20/21:22:01 34 62 69
